SPHERE_PROPERTIES, 0, 0, 2000, 0.0024, 0, 0.2, 1e+08, 0.95, 0.3
PLANEWALL_PROPERTIES, 1, 0, 2000, 0.002, 0, 0.2, 3e+09, 0.95, 0.3
BOUNDARY, PLANEWALL, 0, 1, 0, 0, 1, 0, 0, 0.001, 0.09, 0.09, 0.001, 0.09, 0.001, 0.001, 0.001, 0.001, 0, 0, 0
BOUNDARY, PLANEWALL, 1, 1, 0, 0, -1, 0, 0, 0.09, 0.09, 0.09, 0.09, 0.09, 0.001, 0.09, 0.001, 0.001, 0, 0, 0
BOUNDARY, PLANEWALL, 2, 1, 0, 0, 0, 1, 0, 0.09, 0.001, 0.001, 0.09, 0.001, 0.09, 0.001, 0.001, 0.09, 0, 0, 0
BOUNDARY, PLANEWALL, 3, 1, 0, 0, 0, 0, -1, 0.001, 0.09, 0.09, 0.09, 0.09, 0.09, 0.09, 0.001, 0.09, 0, 0, 0
BOUNDARY, PLANEWALL, 4, 1, 0, 0, 0, 0, 1, 0.001, 0.09, 0.001, 0.09, 0.09, 0.001, 0.09, 0.001, 0.001, 0, 0, 0
BOUNDARY, PLANEWALL, 5, 1, 0, 0, 0, -1, 0, 0.001, 0.09, 0.09, 0.001, 0.09, 0.001, 0.09, 0.09, 0.001, 0, 0, 0
PARTICLE, SPHERE, 0, 0, 0, 0, 0.004, 0.004, 0.004, 0, 0, 0, 0, 0, 0
PARTICLE, SPHERE, 1, 0, 0, 1, 0.004, 0.0088, 0.004, 0, 0, 0, 0, 0, 0
